1009487547540488192
1011731995
1021431129620938753
1023512225049440256
1025296559632568320
1070034123534688256
1077256268694343681
1084947870
1095922131903234048
1100730532348882944
1113634156095762432
1114764716708990977
1118222321133580289
1121603304197197825
1127553297672327170
1129074303658409984
1129275589024571392
1130263275315318790
1130667996937113600
1151764256393715712
1152626871898476545
1153286729555537921
1156545806511435777
1159467975612616705
1159928480630542336
1161372341542125568
1163095446044258304
1169656943591354368
1171064971276378113
1178525925106843648
1181466109335064576
1184664741651763202
1197910126117523458
1203688729484787712
1205366702361309184
1215661434224312321
1216197446730039298
1225033716
1226448578282803200
1229372970
1235468916501016576
1243780375647645696
1243832453447516160
1246061490383159296
1252495635791507458
1254996708481798145
1256183181717487616
1257219197001535488
1260154179214905344
1260791889785024513
1267315667927207937
1270430014316527616
1278232684691484672
1283246646638387200
1283762894
1284556498895544322
1288571224067514368
1290443771990212613
1296643708108943361
1306978844960645121
1308437078623924235
1312278439253012483
1317464391101476865
1324055607263993856
1327829928407130112
1329336787748089856
1337259840188469249
1341533244530057217
1355401431906308098
1356533851250548737
1357971775099838465
1359752748057587715
1364820312534126595
1366976968076365824
1373217697958273025
1374095683398078465
1380512028750581764
1380550097356738564
1380942195650256900
1383717721578172416
1389232054836023297
1396854662926528520
1397496765109071872
1399167832001241088
1400873124296630287
1411473949431455751
1411495423534157825
1412316997728096256
1412358780872921093
1412750531429158922
1417422122784202755
1419005241169567745
1420769555891195908
1421675462946738181
1421848765850218497
1422243145081757705
1422947104759058432
1426183857615773702
1427735139287650304
1429486207881269248
1439485711837642754
1440475580923727879
1443543920579731458
1451607221511471115
1452833371705339906
1452928460347768835
1455668324797280256
1456165083285897219
1457886794209718279
1460950593376501763
1461931822070308868
1463029040898617348
1464253602009071662
1466345855783370757
1468839211843346434
1470965808146882567
1474272818120781829
1476740293567426573
1479143178338914307
1480819922749976576
1482137949756358657
1482577791325507584
1483049559056011264
1483728664093069315
1485340614258753537
1493107279910273024
1501079692224389120
1501761656807956482
1501915925578420228
1502096449030422529
1502855799038611459
1503575229855313923
1506521414823604227
1506556953664835585
1506706647841861632
1508320015044411394
1508499703062999040
1509547672411439106
1512805628116275201
1513044433716973568
1518138332727091200
1518480259
1518611271893106690
1520487198881157121
1521025030733262849
1525904254313299968
1526122557094539272
1529265494867357697
1535004105063661568
1535560274148610049
1535978757730672640
1539413244523253760
1543544223198089216
1544196328590151681
1544298918581657600
1546291388181934082
1546902504029401089
1549585809161871361
1551861079638429697
1553263257527656449
1553678790512889857
1559152798612090881
1559439879855022083
1560880503770624001
1565591413282476033
1567245273222774784
1570377081456033793
1573161302796554241
1574487291510259712
1576373766879322113
1577118857097285633
1579468385859276800
1579558570080997377
1581896859697938432
1581901719835115521
1583054062651588611
1583663313543516161
1584649493592641541
1588370861102620672
1588482851778928641
1594183682344079362
1598528712366256128
1600625571959930880
1603186897404182529
1609484934632312832
1613087949310119936
1614433832958316547
1614468098421047296
1618653979642150912
1620766547324317696
1622121097008390145
1622943135121965056
1623158112957116419
1624690994972348418
1625553542844133378
1625849783347974148
1626245714484535296
1626592349144088576
1626802497095450624
1627239688154087427
1628671933066936321
1629334251949944832
1630218676199903235
1630306383911612416
1630624130218483712
1631126370313986048
1632237848899502080
1632527480560164864
1632662377123688449
1633005080239804416
1634273509005484032
1634556869342638080
1634945597345234945
1635702190357479433
1635991580115886081
1636539550083461120
1636555705045094400
1638039458703622145
1642218477581910016
1643862889969913856
1645263034653503491
1648584530654298112
1649813101842432002
1651925503497089025
1654136888394121217
1655819597617192960
1656820138178486272
1656823282241523713
1657496583091687425
1658056860749172737
1659524190985224198
1660112054613868546
1660543278620585984
1661831863395315712
1663448651128274944
1664746456065122304
1665006539353251840
1665058681334149120
1666085958650036229
1669209525562540032
1669957461200236544
1670716770884124672
1672542170044039173
1675777952741482496
1676593899018567681
1676758156054233088
1678427496822501377
1679082789571026944
1679114883374170113
1679291492152627200
1679667300197191680
1679680550133702658
1679739105817821189
1680912661075329024
1680997085070622720
1681339704824958977
1682633752739209216
1684211477702496256
1684652210716860416
1684825092314857472
1686929717440688128
1687598644336439299
1687807818831986688
1688799541003259904
1689637860784369664
1690497830438453248
1690578400673460225
1690578422060179457
1690579007643729920
1690580128990961664
1690582251837243392
1690583351323750400
1691018805001248768
1691113983321772032
1692027478771134464
1693311985985683456
1693958471455064064
1694059195337973762
1694461472607232000
1694532740178448384
1694541147048464384
1694830352852738048
1694834930042191873
1694837238121545728
1694841779302891520
1695245181589884928
1696555552078184448
1696569687537025024
1696847499510919168
1696874826072264705
1696991238879084545
1697115908278513664
1697670878618951680
1697846687778344960
1698153308077137920
1698292175925280768
1698672158791364608
1698764105732288512
1698851119328374784
1698852599045230593
1698852619282993152
1698852654179340288
1698852686182162432
1698852749134176257
1698852799260348416
1698901603879915520
1698925292516147200
1699026883277459456
1699623264480264192
1699625900667445248
1699634450882342912
1699637081792745472
1699777082950287360
1699871923600031745
1700043283123085312
1703301726105944064
1704319890080120832
1704420437340680192
1704790206355009536
1705216280490278912
1705242987096379392
1706099930073546752
1706500385114853376
1707572021583044608
1708341019022872576
1708797042091589632
1710211870164914176
1711346555997798400
1711564963427364864
1711593471298121728
1711602309895946240
1711604100754763776
1711604599759749120
1711604799462842368
1711605129324204032
1711605287226904576
1711743466026201088
1711766334600515584
1711772721376268288
1711777718986063872
1711777722295267329
1711778173480742915
1711784968534589440
1711787412907503616
1711838564202250240
1711891900381396992
1712740514167169024
1713228037897261056
1714156163196211200
1714465075161964544
1714465096934842368
1714466348183805952
1714517373711994880
1715045482815213573
1715876530918957056
1715877073795919872
1716374908320841728
1716755110146310144
1717179174572666880
1717485842464452608
1717487058594447360
1717487084687273984
1717489630608789504
1717492699404845057
1717493996103372800
1717494585092665344
1717686850478125056
1717759920681156608
1717926412798074880
1717948139431497729
1718003786256707584
1718489483388108800
1718943617002491904
1718950104298856448
1719102658618048512
1719230189127806976
1719259466661572608
1720661470420389888
1720977611168600064
1721069815669178368
1722554585028743168
1722642534508417024
1724473725616353280
1725476229934206976
1725913182407917568
1726558132682493953
1727696489299009536
1728309374895128576
1729714048990597120
1732486642525474816
1733000192843223041
1733012722084937728
1734130929654738944
1734834935750619136
1735589588146831360
1737271532941119488
1737910559113379841
1738892970735149056
1741337227798761472
1741502731603611648
1741858550291562496
1741866606022868992
1742808017274642432
1743018864311709696
1746676622193778688
1746849225176973312
1748557259293220864
1748732001786662912
1749340812138479616
1749666804408926208
1749983329485729792
1750021690313121792
1750032331354845184
1750043404623585280
1751142498481700864
1751201097208025088
1751805701410693120
1752029491604459520
1754433947692650496
1756281650353168384
1756517905435705344
1756718206545170432
1758672406036484096
1760002385899028480
1760701134749216768
1761644697032802305
1761770600387768321
1762797184641269760
1763443708757004288
1764454848920268800
1764507704972779520
1764674098712424448
1765369972501725184
1766366684129230848
1766382866198630400
1766703233282846720
1766895611633156097
1766987185386053632
1767145851107872768
1768473632894779393
1772306007743676416
1775865650986000384
1778023697644740608
1778380153560711168
1779654902970556416
1780253493368160256
1781542741442490368
1781551818964615168
1787521506139938817
1790923505510625280
179609749
1797120210178367488
1806157726864871424
1852937922
193416577
1949248190
1954091521747431425
1956487721389842432
1964566886
1976486413
198941957
1992247167696957440
1998006024582971393
1998907686482751488
1999890646103187456
2001160042406645760
2021196085822451712
2032852991825653761
2179736466
226007505
2288499234
234612172
23772014
2436340408
250239307
256240515
257255679
259253700
2698539557
2717196910
2719170832
2982692477
2986856675
3082517166
3183558127
339132094
3510652159
3536381123
402577013
4202780127
44800075
4596987264
507316144
533315538
536006093
536132974
548729198
596957071
607678722
629842707
632225225
6734852
742346479
747248152059645952
747442031056691200
752758041980727296
779348872015425536
783223278781378560
786261881140940800
790782288850059264
823336739754254336
824872336750809088
826649306
83342810
843681739298033664
844262329269153793
872271978794590211
877831498191208448
878989677906321408
899011616
902281603157602304
906089010598092800
913044681994403840
921761618626785282
925283313291550720
936165950298005504
942256685279715328
952139041411158017
958655578359848960
958962757
961664559734956032
961679658
962333011566985216
964116573589032960
968466607411376129
979238702324043776
990293209879367680
995381880