1469948819429376002
1589060712
2006442599520129025
2006768301905739776
2006771230087806976
2007020713547612160
2007178878280970242
2007182985997803520
2007187513157505025
2007222773127725056
2007319611231088641
2007821766295777280
2007838081932808192
2007876528462569472
2007958523779678208
2008039832199761920
2008215617149792256
2008276101752385537
2008317084577787905
2009428850581938176
2009461605919260673
2009476218325004288
2009479452192067592
2009514684878331904
2009517906951065606
2009525246739853312
2009586464108183552
2009589315656171520
2009589823011794944
2009593223464005632
2009596922349445120
2009599415087169536
2009600045579128833
2009601419616419840
2009603613279354880
2009604730574790656
2009605055008362496
2009606993569574912
2009611832986918912
2009613425765486592
2009614743737425921
2009616104025718784
2009617740718567424
2009618843304628225
2009626667434786816
2009628557144969216
2009631216656596992
2009633724741382144
2009635585959604224
2009642087726338048
2009647844240818176
2009656179048460288
2009660644900089856
2009661509031604226
2009661660295041024
2009664963905040384
2009666707938586624
2009672119383465984
2009672359062786049
2009673118927990790
2009673613272834048
2009674478780141568
2009677698776666112
2009680869049700352
2009682619945177088
2009683966073372672
2009685344640479232
2009685583350902787
2009685643929235460
2009686495515549696
2009687056449187840
2009687975702204416
2009688374022709249
2009701452256833536
2009708608855150592
2009709198637236224
2009718726380400640
2009720984740474883
2009723881779806208
2009724314384539648
2009727319292948484
2009727534351679488
2009751501233893378
2009751555088756738
2009752404628316160
2009756145444155392
2009763065684996096
2009768841182838784
2009855762689077250
2009882409463107584
2010505075098259456
2010514002384953345
2010516922270666752
2010517546655764480
2010518400582463488
2010520965059686400
2010521789676617728
2010525777549467649
2010527206607609856
2010529519678177280
2010531434226917376
2010535830482563072
2010539643478134784
2010539824885972992
2010547698693533696
2010553889247096832
2010554016452034560
2010555543635824640
2010557989225394176
2010558009815236608
2010559433647267840
2010560270226313216
2010564487708102656
2010565626860101632
2010571542321836032
2010572601551421440
2010575077994344448
2010576328047886336
2010576506037403649
2010578656712892417
2010582707366154240
2010584688059097088
2010586405983199232
2010587112077406209
2010603040437583872
2010610540541054976
2010613033069084672
2010613533504069633
2010619830567940096
2010634401840033792
2010656948518375424
2010660655817437184
2010663689704316928
2010667035060285440
2010669336827207680
2010671133335625728
2010676379130744832
2010681890827857921
2010683853023944705
2010684949817602048
2010697559590006786
2010705497398411264
2010716341884567552
2010717936667983874
2010735281339867136
2010741289365688321
2010743053209018368
2010882124728188934
2010890503748026368
2010915435814993920
2010920151798190080
2010922407905890304
2010924972269846528
2010927153375072256
2010937892215144450
2010959899166208000
2011026417543495689
2011066817264173056
2011069035518312451
2011070044810461185
2011088185548566528
2011098716460236806
2011127392765726720
2011136790955245568
2011146171973341184
2011153237181870080
2011153905321975808
2011163975233544193
2011192229558435841
2011194366707286016
2011216155403567104
2011219278725632000
2011222496981442560
2011224694763253760
2011224806675652608
2011230063904411648
2011236430757183491
2011239314219532288
2011251727790718978
2011254285909315584
2011258762968121347
2011281787235024897
2011285632971403264
2011297305677479936
2011304853218476037
2011307709061349379
2011326704598528000
2011329857641402368
2011330404801036288
2011335241680699392
2011343011079405568
2011348017841127425
2011351109512933376
2011361183622926336
2011364997629403136
2011375404934934529
2011405267217600512
2011495416651812864
2011499694984450048
2011528480119537675
2011562741153349632
2011567880165576704
2011569787579875330
2012034889617719302
2012037653332705280
2012064656387686401
2012098948388020224
2012514427531079680
2012804239735795712
2012818995037237248
2012899881577586688
2013036264984100864
2013781746009948160
2014118415733342209
2014407736394428417
2015074469899816960
2015551922921488384
2017627449601703937
2017667856851218433
2017675179829121024
2017675441146855424
2017686036168511488
2017694360846974976
2021196073218248706
2021196123973541888
2021196581274517506
2021196631614377984
2021197124340269056
2021197185396662272
2021197990275481601
2021198186006667264
2021199175627702275
2021199278379761665
2021199288504664064
2021199317877313536
2021199678302453761
2021199935593476096
2021235104857702401
2031333114736422912
2031831787450908672
2032166114214756352
2032344402941841408
2032371911389528064
2032655681908875264
2033061163794313217
2036948462156038144
2037148882782572544
2038309120403472384
2038309852640890880
2038310291834916864
2038310385015574528
2038310449196806147
2038310544935903232
2038310940161052672
2038311358798704640
2039603325302161408
2040311120825638912
2040317948296855552
2040547308580880385
2040742850980196352
2040817750906470400
2040819503542444032
2040825736571854848
2040826996167430144
2040829153109213185
2040831829154902016
2040832651288879104
2040832889298780160
2040833206866325504
2040833237421903872
2040836556404011008
2040836881626144769
2040837906193956864
2040838582718373888
2040838662007537664
2040839261943996416
2040839523987251200
2040840905821741056
2041629256917094400
2041629452564656128
2041629946800459777
2041630203030425601
2041630585672638464
2041631200670781440
2045571098297647104
2045571287838326784
2045575810761867264
2045575910414258176
2046450623374106624
2053009812355457024
2053009990554705923
2053009992228200450
2053010098792861698
2053010402426978305
2053010837921517572
2053010908654305282
2053011224426627073