1012474435
1023961216442617862
1030492898897391616
1104659024
114396381
1205804293225238529
1324707594
137694948
1471309560
1551085418
1641611316434706432
1727152789
1826850369433206788
193655718
2034016174829408257
2034016305393889280
2038309475472322560
2038310443597344769
2038310752662982659
2038311217794535424
2250920372
2369767729
2492090970
251947188
256389197
26390349
264564048
2896038898
2906603944
294610413
3054760601
306752884
3192391542
35499754
365468851
37617725
380996326
4854955940
598142710
615037167
636115430
721638675650592768
763837537106395136
804486986
839889386
900199020
902396450
914224834221150208
923014885675585537
948006319826526208