2023636672966184960
2023636754193149952
2032099803761688581
2032100861540016128
2032101126536073216
2034416318699778048
2034416340346580992
2034416341764263936
2034416343064408065
2034416410085273600
2034416414023708673
2034416479928713216
2034416483078672384
2034416493883174912
2034416532676390912
2034416580763987968
2034416603912396800
2034416638251159552
2034416686733111296
2034416706043727872
2034416707549450240
2041872278997053440
2041872839058313216
2044094244571267072
2044097880525307905
2044814124819836928
2044850306257653761
2044851652595679232
2044878384505724928
2044884113090310144
2044884231902429184
2044884318170812416
2069762614226243584
2069774492532903936
2069904946812612608
2069929772285632512
2069951574483390464
2070100010507567104
2070139687147122689
2070145060797079553
2070155248694341632
2070165818806038529
2070168745683673088
2070193443779788800
2070500684739256320
2070506638063116289
2070597108973850624
2070772690848296960
2070788357001474048
2070816338071687168
2071145393086189568
2071150748319055872
2071151109767417856
2071151953170644993
2071160962711764992
2071190718664622080
2071669205884133377
2071706906234679296